code,name,registered,voters,blanks,nulls,boycotts,PPD/PSD,PS,CDS-PP,PCP-PEV,B.E.,MEP,PCTP/MRPP,PPM,MPT,MMS,P.N.R.,P.H.,POUS,PPD/PSD.CDS-PP,L,PND,PTP,PAN,MAS,PPV,PNR,PDA
170500,Mondim de Basto,9200,2807,45,27,0,1273,677,443,138,119,28,21,10,8,6,6,3,3,0,0,0,0,0,0,0,0,0
182300,Viseu,93744,34098,1628,680,0,14564,7282,3447,1229,3811,491,266,123,150,165,106,123,33,0,0,0,0,0,0,0,0,0
11200,Murtosa,10342,2795,123,51,0,1557,379,219,125,191,39,28,11,16,31,3,20,2,0,0,0,0,0,0,0,0,0
70500,Évora,48163,18563,762,359,0,4030,4611,1239,3954,2624,241,314,53,103,104,63,85,21,0,0,0,0,0,0,0,0,0
21300,Serpa,14702,5449,166,108,0,622,1178,162,2609,376,26,111,18,18,14,21,19,1,0,0,0,0,0,0,0,0,0
141600,Santarém,54173,20749,1159,482,0,6042,5513,1764,2214,2388,397,249,80,120,145,85,89,22,0,0,0,0,0,0,0,0,0
40600,Miranda do Douro,8770,2535,112,64,0,1194,733,156,55,136,11,17,9,11,22,7,4,4,0,0,0,0,0,0,0,0,0
181000,Oliveira de Frades,9557,3621,204,77,0,1748,742,350,153,201,44,35,10,21,13,5,11,7,0,0,0,0,0,0,0,0,0
40100,Alfândega da Fé,6293,2666,72,41,0,1194,937,160,89,99,18,15,11,9,9,7,4,1,0,0,0,0,0,0,0,0,0
40000,Bragança,162529,49562,1424,986,0,23094,12114,4803,2087,3285,412,426,186,248,175,117,137,68,0,0,0,0,0,0,0,0,0
50300,Covilhã,52546,19184,926,439,0,4321,6513,1262,2484,2301,221,286,70,100,98,52,75,36,0,0,0,0,0,0,0,0,0
460100,Lajes do Pico,4590,1293,77,13,0,553,488,63,23,49,4,4,4,7,3,1,4,0,0,0,0,0,0,0,0,0,0
180500,Lamego,27304,9334,226,183,0,3824,2119,1193,633,747,135,102,34,33,33,24,41,7,0,0,0,0,0,0,0,0,0
420100,Lagoa (R.A.A),12641,2039,110,30,0,716,757,148,61,140,13,18,6,28,4,0,5,3,0,0,0,0,0,0,0,0,0
10900,Santa Maria da Feira,123004,47416,2368,892,0,16337,14025,3878,2530,4782,478,674,201,227,613,90,248,73,0,0,0,0,0,0,0,0,0
182200,Vila Nova de Paiva,6938,1823,67,40,0,864,357,246,77,129,9,10,4,8,3,4,4,1,0,0,0,0,0,0,0,0,0
10700,Espinho,31963,14611,772,393,0,4547,3882,1174,1648,1473,135,217,58,55,133,35,76,13,0,0,0,0,0,0,0,0,0
60300,Coimbra,128516,51007,2916,779,0,14396,13689,3502,5663,7529,946,529,166,245,310,99,190,48,0,0,0,0,0,0,0,0,0
120300,Avis,4159,2182,60,44,0,266,396,71,1129,144,7,32,12,6,6,4,4,1,0,0,0,0,0,0,0,0,0
20300,Alvito,2147,795,20,11,0,145,192,48,266,73,9,20,5,1,0,2,2,1,0,0,0,0,0,0,0,0,0
310700,Ribeira Brava,14257,5853,112,152,0,3826,530,475,199,203,24,63,34,121,10,16,73,15,0,0,0,0,0,0,0,0,0
160600,Ponte da Barca,14684,4657,125,72,0,2255,1473,233,142,248,33,22,11,16,9,3,12,3,0,0,0,0,0,0,0,0,0
101300,Pedrógão Grande,3965,1519,84,45,0,851,268,81,47,80,11,11,9,6,9,9,3,5,0,0,0,0,0,0,0,0,0
150200,Alcochete,12303,4723,299,91,0,747,1148,369,1153,623,83,65,23,31,28,32,25,6,0,0,0,0,0,0,0,0,0
11700,Sever do Vouga,12328,4952,307,112,0,2423,819,609,172,304,46,38,21,18,57,7,17,2,0,0,0,0,0,0,0,0,0
141100,Ferreira do Zêzere,8429,3382,167,115,0,1530,795,275,114,218,27,33,17,34,15,14,20,8,0,0,0,0,0,0,0,0,0
30800,Guimarães,143233,59849,2302,799,0,16584,20014,5856,6080,5490,653,893,232,244,321,101,172,108,0,0,0,0,0,0,0,0,0
10600,Castelo de Paiva,15120,4716,164,107,0,2043,1465,252,163,330,37,53,17,26,28,9,17,5,0,0,0,0,0,0,0,0,0
180000,Viseu,391590,128778,5688,2630,0,55769,31229,13091,5234,10188,1364,1074,449,632,487,313,463,167,0,0,0,0,0,0,0,0,0
140200,Alcanena,13243,5345,280,119,0,1593,1392,488,572,571,84,87,25,36,37,13,34,14,0,0,0,0,0,0,0,0,0
181600,São Pedro do Sul,18164,6366,336,136,0,2664,1725,512,315,426,65,62,21,33,21,18,24,8,0,0,0,0,0,0,0,0,0
20600,Castro Verde,6713,2502,60,34,0,245,652,80,982,303,15,70,11,12,11,7,6,14,0,0,0,0,0,0,0,0,0
70900,Portel,6067,2488,78,33,0,166,826,57,1047,172,14,55,6,9,10,7,7,1,0,0,0,0,0,0,0,0,0
140700,Chamusca,9648,3462,151,96,0,617,1007,237,790,338,30,88,15,19,19,25,23,7,0,0,0,0,0,0,0,0,0
181400,Santa Comba Dão,12055,4259,223,93,0,1864,1203,269,118,373,25,24,10,15,12,14,11,5,0,0,0,0,0,0,0,0,0
90600,Gouveia,16284,5801,254,145,0,2250,1679,403,417,453,45,85,16,20,13,9,9,3,0,0,0,0,0,0,0,0,0
130400,Gondomar,141012,57560,3061,1309,0,15763,17212,3749,6858,6808,687,831,188,278,295,150,300,71,0,0,0,0,0,0,0,0,0
91100,Sabugal,16763,4923,209,133,0,2065,1248,387,214,303,108,58,30,102,30,13,17,6,0,0,0,0,0,0,0,0,0
140300,Almeirim,19837,6593,339,138,0,1381,2040,486,987,815,85,128,33,49,39,31,29,13,0,0,0,0,0,0,0,0,0
170600,Montalegre,16611,4977,102,57,0,2208,2007,202,116,186,27,16,16,6,5,5,14,10,0,0,0,0,0,0,0,0,0
90000,Guarda,181291,63258,2524,1561,0,25783,17032,5251,3222,5001,690,685,258,500,276,154,224,97,0,0,0,0,0,0,0,0,0
10500,Aveiro,67588,25925,1677,476,0,8910,5045,3362,1470,3369,669,233,104,138,277,74,94,27,0,0,0,0,0,0,0,0,0
100700,Castanheira de Pêra,3311,1186,77,41,0,346,467,44,61,100,9,22,5,4,5,1,4,0,0,0,0,0,0,0,0,0,0
71400,Vila Viçosa,7613,2590,103,45,0,561,645,155,658,286,26,67,7,8,10,6,11,2,0,0,0,0,0,0,0,0,0
180400,Cinfães,19575,4953,137,98,0,1891,1730,425,194,276,38,50,16,26,32,7,21,12,0,0,0,0,0,0,0,0,0
20100,Aljustrel,9316,3923,130,55,0,237,1019,99,1910,312,21,86,13,12,10,7,8,4,0,0,0,0,0,0,0,0,0
21100,Odemira,22491,8452,372,234,0,1207,2371,381,2355,877,96,306,52,72,28,22,59,20,0,0,0,0,0,0,0,0,0
70400,Estremoz,13355,4849,189,84,0,1256,1399,302,931,423,50,113,21,19,24,17,15,6,0,0,0,0,0,0,0,0,0
60900,Miranda do Corvo,11273,3999,290,102,0,1241,1349,204,259,385,39,49,8,21,15,7,23,7,0,0,0,0,0,0,0,0,0
60400,Condeixa-a-Nova,12662,4721,306,81,0,1190,1493,254,460,716,61,54,25,29,19,10,17,6,0,0,0,0,0,0,0,0,0
111400,Vila Franca de Xira,105659,42332,2118,904,0,7133,11702,2583,9452,5863,597,646,176,302,302,274,237,43,0,0,0,0,0,0,0,0,0
150600,Moita,59665,22443,847,447,0,2379,4647,1117,7924,3765,233,445,72,150,119,141,125,32,0,0,0,0,0,0,0,0,0
11900,Vale de Cambra,23215,9495,473,279,0,3398,1993,1513,396,823,111,101,36,48,236,16,56,16,0,0,0,0,0,0,0,0,0
11000,Ílhavo,34372,10579,658,163,0,4057,2063,1171,589,1249,206,111,46,67,112,32,44,11,0,0,0,0,0,0,0,0,0
10300,Anadia,29570,10391,656,196,0,4676,1983,1125,480,840,117,90,30,51,79,17,35,16,0,0,0,0,0,0,0,0,0
81600,Vila Real de Santo António,16337,4695,174,91,0,1228,1129,241,869,706,49,78,24,27,32,14,25,8,0,0,0,0,0,0,0,0,0
111300,Torres Vedras,64491,24299,1329,581,0,7338,6559,1775,2598,2568,510,317,111,181,134,106,148,44,0,0,0,0,0,0,0,0,0
161000,Vila Nova de Cerveira,9135,3320,148,49,0,1188,1186,241,128,246,33,31,16,18,10,4,15,7,0,0,0,0,0,0,0,0,0
40900,Torre de Moncorvo,10529,3434,101,58,0,1440,1094,304,136,174,33,27,11,21,12,9,8,6,0,0,0,0,0,0,0,0,0
181500,São João da Pesqueira,8299,2430,88,38,0,1040,608,213,119,197,23,34,12,18,4,12,18,6,0,0,0,0,0,0,0,0,0
50400,Fundão,30940,10064,462,240,0,3274,3140,674,657,1053,112,161,52,69,83,25,45,17,0,0,0,0,0,0,0,0,0
430200,Vila da Praia da Vitória,19414,4234,178,51,0,1693,1443,465,68,228,29,16,10,19,7,3,22,2,0,0,0,0,0,0,0,0,0
310600,Porto Moniz,3666,1772,47,53,0,1080,402,88,27,31,6,7,4,17,3,2,3,2,0,0,0,0,0,0,0,0,0
131400,Santo Tirso,65449,27284,1071,364,0,8288,10047,2071,1929,2381,304,357,84,97,101,54,95,41,0,0,0,0,0,0,0,0,0
140900,Coruche,18978,7003,262,122,0,1191,1796,426,2063,737,69,153,32,37,29,43,31,12,0,0,0,0,0,0,0,0,0
182100,Tondela,30702,10978,740,239,0,5198,2160,1061,422,789,88,95,30,39,45,31,27,14,0,0,0,0,0,0,0,0,0
460300,São Roque do Pico,3226,833,76,8,0,333,282,40,20,50,7,3,8,0,2,0,4,0,0,0,0,0,0,0,0,0,0
10200,Albergaria-a-Velha,22491,7569,432,156,0,2906,1515,1191,374,656,95,80,29,35,55,15,25,5,0,0,0,0,0,0,0,0,0
10100,Águeda,44612,14507,1003,245,0,5217,3677,1643,752,1259,234,141,49,67,122,30,50,18,0,0,0,0,0,0,0,0,0
121500,Sousel,4751,1994,71,42,0,569,532,108,466,120,13,41,5,4,3,9,7,4,0,0,0,0,0,0,0,0,0
160200,Caminha,16831,5973,301,127,0,2074,1738,347,469,654,51,81,23,31,16,20,30,11,0,0,0,0,0,0,0,0,0
480200,Santa Cruz das Flores,2036,525,28,3,0,136,174,115,30,26,3,4,5,1,0,0,0,0,0,0,0,0,0,0,0,0,0
311000,São Vicente,7180,2758,47,82,0,1698,491,179,62,91,15,16,6,37,6,0,18,10,0,0,0,0,0,0,0,0,0
41100,Vimioso,7097,1839,36,36,0,1092,464,68,35,58,6,18,3,8,6,5,3,1,0,0,0,0,0,0,0,0,0
101100,Nazaré,14626,4054,277,101,0,1095,1130,260,387,595,55,55,12,23,20,11,23,10,0,0,0,0,0,0,0,0,0
20800,Ferreira do Alentejo,7899,3194,83,46,0,342,1148,112,1045,238,23,81,14,18,10,13,13,8,0,0,0,0,0,0,0,0,0
31100,Vieira do Minho,15745,5287,183,100,0,2432,1625,288,164,290,50,37,27,27,24,14,20,6,0,0,0,0,0,0,0,0,0
31200,Vila Nova de Famalicão,115818,49510,1860,678,0,14987,15222,8268,2878,3857,467,490,139,179,185,84,164,52,0,0,0,0,0,0,0,0,0
130600,Maia,104635,45818,2476,846,0,13956,13674,3533,3402,5674,672,510,169,237,238,112,253,66,0,0,0,0,0,0,0,0,0
30700,Fafe,51263,20422,881,303,0,6358,7858,1460,1291,1524,148,244,82,69,78,39,53,34,0,0,0,0,0,0,0,0,0
141900,Torres Novas,33156,13381,839,316,0,3449,3393,857,1623,2178,188,202,58,92,60,37,62,27,0,0,0,0,0,0,0,0,0
131100,Penafiel,61489,24674,823,558,0,9459,7870,1668,1556,1593,302,349,96,119,92,43,108,38,0,0,0,0,0,0,0,0,0
110800,Lourinhã,22619,8513,561,262,0,3247,1840,847,449,762,139,108,37,95,69,36,47,14,0,0,0,0,0,0,0,0,0
70700,Mora,5217,2086,78,39,0,343,388,66,914,149,20,59,7,10,3,3,3,4,0,0,0,0,0,0,0,0,0
50500,Idanha-a-Nova,10894,4243,130,108,0,1308,1719,258,278,230,24,66,24,12,39,20,17,10,0,0,0,0,0,0,0,0,0
60200,Cantanhede,37009,11809,813,239,0,5156,2648,936,494,1042,137,78,45,65,75,31,44,6,0,0,0,0,0,0,0,0,0
30500,Celorico de Basto,20423,7231,173,104,0,3691,1861,661,209,317,53,46,19,32,23,6,25,11,0,0,0,0,0,0,0,0,0
101200,Óbidos,10684,3503,242,84,0,1164,930,277,266,353,63,33,15,27,12,11,24,2,0,0,0,0,0,0,0,0,0
80300,Aljezur,4410,1590,96,56,0,263,472,81,281,187,30,43,14,26,14,9,14,4,0,0,0,0,0,0,0,0,0
30000,Braga,774691,315873,12474,4644,0,114251,90567,32130,21611,27067,3690,3404,1115,1351,1369,627,1143,430,0,0,0,0,0,0,0,0,0
50100,Belmonte,6724,2130,100,60,0,669,633,127,201,228,21,30,9,13,10,8,12,9,0,0,0,0,0,0,0,0,0
131800,Trofa,32850,13467,702,306,0,4902,3883,1348,757,981,136,158,50,51,77,25,73,18,0,0,0,0,0,0,0,0,0
110000,Lisboa,1878571,754077,35109,15437,0,195721,200759,64169,96461,95638,17383,8611,3155,5622,6201,4874,3953,984,0,0,0,0,0,0,0,0,0
320100,Porto Santo,5171,1877,90,57,0,1009,386,107,54,73,19,24,10,30,2,3,8,5,0,0,0,0,0,0,0,0,0
120100,Alter do Chão,3353,1357,48,35,0,338,371,102,285,102,19,30,5,3,8,3,4,4,0,0,0,0,0,0,0,0,0
150400,Barreiro,72887,30936,1157,634,0,3671,7593,1486,10471,4377,329,464,105,155,146,162,153,33,0,0,0,0,0,0,0,0,0
120000,Portalegre,109388,40061,1727,719,0,9596,12435,2483,7174,3848,384,781,173,188,188,148,161,56,0,0,0,0,0,0,0,0,0
81100,Portimão,42653,15365,833,319,0,3742,3990,1284,1430,2626,268,275,83,134,113,101,133,34,0,0,0,0,0,0,0,0,0
151300,Sines,11552,3910,222,61,0,625,983,171,985,616,41,92,18,33,14,24,16,9,0,0,0,0,0,0,0,0,0
70600,Montemor-o-Novo,15783,7259,263,102,0,979,1593,263,3172,543,51,153,19,37,17,32,28,7,0,0,0,0,0,0,0,0,0
90100,Aguiar da Beira,6973,2111,73,38,0,1200,355,256,35,84,11,10,5,11,16,7,8,2,0,0,0,0,0,0,0,0,0
110400,Cadaval,12886,4883,288,112,0,1628,1506,366,382,359,54,54,26,39,20,23,20,6,0,0,0,0,0,0,0,0,0
100000,Leiria,427417,152755,10797,4158,0,58554,31247,14287,9892,15677,2659,1425,553,1043,841,511,849,262,0,0,0,0,0,0,0,0,0
470100,Horta,13266,3317,222,22,0,1438,1017,140,239,146,17,18,13,15,13,3,14,0,0,0,0,0,0,0,0,0,0
140500,Benavente,21199,6783,363,151,0,1325,1549,567,1379,965,132,155,27,49,48,30,31,12,0,0,0,0,0,0,0,0,0
130000,Porto,1563262,627189,27071,11039,0,200487,192554,50059,51545,65410,8947,7104,2054,2883,2969,1380,2868,819,0,0,0,0,0,0,0,0,0
50700,Penamacor,6517,2211,66,62,0,749,755,210,105,140,20,35,13,12,24,2,7,11,0,0,0,0,0,0,0,0,0
141400,Rio Maior,18609,7015,463,204,0,2609,1619,708,391,635,106,75,40,48,48,24,40,5,0,0,0,0,0,0,0,0,0
80100,Albufeira,28424,8175,467,180,0,2523,1880,705,678,1186,115,146,30,79,61,53,61,11,0,0,0,0,0,0,0,0,0
11500,Ovar,48534,17689,1049,324,0,5389,4723,1235,1635,2249,204,330,57,97,210,44,82,61,0,0,0,0,0,0,0,0,0
170300,Chaves,48627,15539,560,268,0,7756,3749,1152,681,952,82,89,65,68,38,25,35,19,0,0,0,0,0,0,0,0,0
310500,Ponta do Sol,9760,3569,57,78,0,2382,409,254,91,118,23,29,19,60,10,8,24,7,0,0,0,0,0,0,0,0,0
70200,Arraiolos,6457,2982,73,54,0,356,604,103,1411,252,18,60,9,9,7,8,15,3,0,0,0,0,0,0,0,0,0
310800,Santa Cruz,34669,15324,487,469,0,7244,2183,1562,1051,1030,155,230,57,494,52,51,220,39,0,0,0,0,0,0,0,0,0
60500,Figueira da Foz,59667,19782,1474,436,0,5602,5348,1314,1762,2709,303,281,93,139,96,75,114,36,0,0,0,0,0,0,0,0,0
31400,Vizela,20172,7550,258,94,0,1675,3031,536,707,856,79,152,39,27,30,21,30,15,0,0,0,0,0,0,0,0,0
180900,Nelas,14254,4640,259,115,0,1761,1107,543,211,449,45,42,16,52,12,5,16,7,0,0,0,0,0,0,0,0,0
60600,Góis,4247,1710,82,42,0,622,634,77,79,100,15,19,9,11,6,3,10,1,0,0,0,0,0,0,0,0,0
450100,Calheta (R.A.A.),4009,991,31,8,0,542,281,67,17,25,4,2,3,1,0,4,4,2,0,0,0,0,0,0,0,0,0
141000,Entroncamento,16770,6882,434,208,0,1595,1594,587,675,1385,106,87,23,46,49,31,49,13,0,0,0,0,0,0,0,0,0
130800,Matosinhos,144128,60898,2777,1020,0,15460,21462,4282,5148,7904,1007,594,179,291,263,143,303,65,0,0,0,0,0,0,0,0,0
150300,Almada,148118,58436,2570,1343,0,10800,15043,3812,13083,8549,897,764,219,353,393,267,286,57,0,0,0,0,0,0,0,0,0
310200,Câmara de Lobos,32340,12118,194,330,0,7149,1112,848,688,452,70,132,93,848,31,45,95,31,0,0,0,0,0,0,0,0,0
120900,Gavião,4157,1876,77,36,0,330,808,87,270,156,15,57,7,8,8,4,10,3,0,0,0,0,0,0,0,0,0
181200,Penedono,3755,1172,48,29,0,492,311,111,56,77,12,10,5,8,3,3,3,4,0,0,0,0,0,0,0,0,0
60000,Coimbra,398989,143522,8853,2957,0,46668,40814,9229,11605,16683,2016,1499,538,785,724,335,629,187,0,0,0,0,0,0,0,0,0
100900,Leiria,111636,43506,3460,1264,0,16870,7796,5205,1709,4717,925,322,164,305,295,149,263,62,0,0,0,0,0,0,0,0,0
131600,Vila do Conde,66636,26646,1216,372,0,8286,9727,1936,1623,2437,303,274,71,105,86,45,127,38,0,0,0,0,0,0,0,0,0
30400,Cabeceiras de Basto,17655,6498,154,80,0,2466,2740,376,230,290,46,37,12,18,16,15,12,6,0,0,0,0,0,0,0,0,0
120200,Arronches,2897,1050,50,16,0,298,343,60,144,79,8,23,7,5,2,8,4,3,0,0,0,0,0,0,0,0,0
110900,Mafra,50907,20262,1341,581,0,6292,4931,1700,1523,2293,617,206,109,214,161,133,127,34,0,0,0,0,0,0,0,0,0
440100,Santa Cruz da Graciosa,4436,1240,43,13,0,582,518,22,15,39,3,1,1,1,0,0,1,1,0,0,0,0,0,0,0,0,0
71200,Vendas Novas,10582,4536,183,95,0,825,829,250,1701,420,43,108,12,24,18,8,16,4,0,0,0,0,0,0,0,0,0
160500,Paredes de Coura,10128,2776,112,32,0,990,951,168,145,238,34,40,12,14,9,14,13,4,0,0,0,0,0,0,0,0,0
170000,Vila Real,247048,79631,2368,1283,0,37728,20927,6397,3460,5042,550,627,288,313,209,116,224,99,0,0,0,0,0,0,0,0,0
111000,Oeiras,144319,61857,3166,1066,0,17729,15303,5994,6092,8336,1706,474,262,431,596,316,300,86,0,0,0,0,0,0,0,0,0
150900,Santiago do Cacém,26700,9948,503,174,0,1720,2306,531,2807,1291,88,260,50,72,35,45,58,8,0,0,0,0,0,0,0,0,0
81000,Olhão,35597,10349,575,183,0,2511,2424,851,1266,1751,153,240,58,109,71,40,85,32,0,0,0,0,0,0,0,0,0
100100,Alcobaça,49864,19025,1430,582,0,7317,4123,1634,1143,1726,407,183,71,129,91,61,103,25,0,0,0,0,0,0,0,0,0
110100,Alenquer,33339,13664,642,250,0,2895,4545,863,2269,1303,238,227,64,103,90,61,86,28,0,0,0,0,0,0,0,0,0
30600,Esposende,32746,11868,525,201,0,5224,2351,1555,597,828,165,119,46,97,38,27,67,28,0,0,0,0,0,0,0,0,0
181300,Resende,11966,3933,111,90,0,1527,1462,249,155,194,32,37,21,15,6,10,16,8,0,0,0,0,0,0,0,0,0
121000,Marvão,3382,1156,73,24,0,398,411,66,64,77,8,13,2,10,4,2,4,0,0,0,0,0,0,0,0,0,0
300000,Madeira,260223,104527,2521,2896,0,54909,15360,8715,6955,5683,748,1306,535,3039,299,340,984,237,0,0,0,0,0,0,0,0,0
20000,Beja,140386,51835,1729,964,0,7135,14343,2105,18061,4842,397,1223,193,238,182,140,194,89,0,0,0,0,0,0,0,0,0
11400,Oliveira do Bairro,20210,7029,380,135,0,3589,778,1220,243,405,91,50,24,26,52,16,14,6,0,0,0,0,0,0,0,0,0
130300,Felgueiras,50593,17232,519,265,0,6270,5528,1351,1109,1353,161,263,73,98,74,53,77,38,0,0,0,0,0,0,0,0,0
110700,Loures,165878,70037,3269,1720,0,14163,20326,4501,13346,8179,1189,1009,277,490,550,528,384,106,0,0,0,0,0,0,0,0,0
460200,Madalena,5372,1331,96,11,0,667,379,64,34,49,5,5,9,5,2,1,3,1,0,0,0,0,0,0,0,0,0
121300,Ponte de Sor,15598,5663,244,98,0,1062,1488,257,1554,603,56,149,34,31,32,20,25,10,0,0,0,0,0,0,0,0,0
182400,Vouzela,10804,3923,201,61,0,1786,899,380,158,306,40,38,8,13,16,6,8,3,0,0,0,0,0,0,0,0,0
60100,Arganil,11959,4870,249,119,0,2054,1491,238,216,296,75,42,18,27,13,3,25,4,0,0,0,0,0,0,0,0,0
100600,Caldas da Rainha,43970,15307,990,327,0,5565,3211,1529,938,1881,299,153,54,119,96,46,78,21,0,0,0,0,0,0,0,0,0
100300,Ansião,12901,5128,240,127,0,2764,1033,387,116,255,62,32,12,27,26,11,30,6,0,0,0,0,0,0,0,0,0
91200,Seia,26915,9909,466,256,0,3449,3223,692,666,771,83,117,37,56,28,15,34,16,0,0,0,0,0,0,0,0,0
110600,Lisboa,532343,223823,8580,3785,0,65834,57343,21035,24084,27734,6782,2152,893,1407,1762,1236,955,241,0,0,0,0,0,0,0,0,0
142100,Ourém,44502,16273,897,451,0,8250,2395,1945,480,1022,320,111,57,100,105,41,80,19,0,0,0,0,0,0,0,0,0
11300,Oliveira de Azeméis,61728,24078,1163,552,0,8893,6215,2748,1026,2021,269,294,80,98,502,49,120,48,0,0,0,0,0,0,0,0,0
151200,Setúbal,100610,36294,1674,634,0,7078,8447,3072,7204,5853,752,546,134,254,233,166,186,61,0,0,0,0,0,0,0,0,0
61400,Penela,5636,1971,110,56,0,936,492,94,75,126,25,17,9,9,7,3,11,1,0,0,0,0,0,0,0,0,0
180700,Moimenta da Beira,12171,3398,125,69,0,1521,852,395,134,199,30,19,4,20,11,5,9,5,0,0,0,0,0,0,0,0,0
61000,Montemor-o-Velho,23150,7059,434,128,0,1992,2291,487,606,785,53,100,34,38,41,29,28,13,0,0,0,0,0,0,0,0,0
61100,Oliveira do Hospital,19956,7047,370,195,0,3137,1943,447,249,434,72,64,30,37,20,12,29,8,0,0,0,0,0,0,0,0,0
30100,Amares,19580,6945,271,104,0,3025,1586,786,346,537,70,77,24,36,25,19,27,12,0,0,0,0,0,0,0,0,0
131700,Vila Nova de Gaia,250711,104604,4913,1868,0,30369,32090,7913,10032,12202,1311,1322,332,507,755,247,571,172,0,0,0,0,0,0,0,0,0
170400,Mesão Frio,4742,1711,44,17,0,819,529,112,62,91,3,17,8,3,1,1,3,1,0,0,0,0,0,0,0,0,0
40500,Macedo de Cavaleiros,20101,5749,168,141,0,2741,1225,706,228,330,51,54,20,34,12,12,17,10,0,0,0,0,0,0,0,0,0
80000,Faro,355797,115773,6472,2469,0,31707,28965,8965,11981,17312,1650,2135,582,1068,721,676,826,244,0,0,0,0,0,0,0,0,0
400000,Açores,225552,48941,2522,581,0,19610,16081,3793,1578,3149,287,283,280,387,111,60,176,43,0,0,0,0,0,0,0,0,0
61700,Vila Nova de Poiares,6309,1992,151,80,0,807,476,115,108,174,17,21,8,14,8,4,8,1,0,0,0,0,0,0,0,0,0
150000,Setúbal,704926,267371,12221,5721,0,43994,64807,17058,68452,39342,3804,4463,988,1719,1587,1460,1401,354,0,0,0,0,0,0,0,0,0
410100,Vila do Porto,5257,1056,80,20,0,372,370,45,58,79,5,8,6,5,1,3,4,0,0,0,0,0,0,0,0,0,0
20400,Barrancos,1577,498,34,8,0,37,175,37,156,23,1,19,1,2,1,0,2,2,0,0,0,0,0,0,0,0,0
180200,Carregal do Sal,10452,3235,175,71,0,1403,775,356,109,244,25,23,8,17,11,3,11,4,0,0,0,0,0,0,0,0,0
130100,Amarante,55689,17782,568,247,0,7012,6172,1056,804,1358,128,141,71,69,48,32,52,24,0,0,0,0,0,0,0,0,0
110300,Azambuja,17482,6751,327,195,0,1277,1998,411,1185,897,105,141,34,50,41,35,36,19,0,0,0,0,0,0,0,0,0
40200,Bragança,37919,10235,350,161,0,4642,2232,840,536,1077,91,99,39,42,57,32,28,9,0,0,0,0,0,0,0,0,0
171200,Valpaços,23901,6312,148,137,0,3802,1202,500,138,238,24,29,23,31,14,7,10,9,0,0,0,0,0,0,0,0,0
111500,Amadora,146486,57770,2393,1333,0,12698,16749,4323,9008,7682,917,739,222,440,461,417,317,71,0,0,0,0,0,0,0,0,0
70300,Borba,6669,2593,109,43,0,400,1027,102,527,264,18,50,6,12,14,9,8,4,0,0,0,0,0,0,0,0,0
170200,Boticas,8123,2999,50,54,0,2078,492,86,99,69,9,24,8,9,6,2,8,5,0,0,0,0,0,0,0,0,0
20500,Beja,31176,12101,426,198,0,1889,2938,619,3947,1526,112,224,32,44,60,38,35,13,0,0,0,0,0,0,0,0,0
141700,Sardoal,3709,1955,122,84,0,727,456,132,101,188,52,29,5,22,8,11,13,5,0,0,0,0,0,0,0,0,0
130900,Paços de Ferreira,44873,15575,650,224,0,6719,4301,1446,748,882,174,148,54,65,44,46,56,18,0,0,0,0,0,0,0,0,0
121400,Portalegre,22417,8280,449,154,0,2564,2418,595,725,994,98,92,27,34,47,38,31,14,0,0,0,0,0,0,0,0,0
40800,Mogadouro,12350,3620,123,85,0,1894,765,371,85,195,24,18,12,19,9,7,7,6,0,0,0,0,0,0,0,0,0
150700,Montijo,38069,12767,667,261,0,2611,3301,963,2392,1758,152,263,48,92,88,74,71,26,0,0,0,0,0,0,0,0,0
480100,Lajes das Flores,1300,501,46,12,0,245,108,27,26,21,3,4,2,4,0,0,1,2,0,0,0,0,0,0,0,0,0
90900,Meda,6705,2432,67,64,0,1246,521,254,78,111,20,24,10,19,8,3,4,3,0,0,0,0,0,0,0,0,0
160700,Ponte de Lima,43632,17054,680,298,0,7541,2924,3231,688,1061,158,154,66,77,57,30,64,25,0,0,0,0,0,0,0,0,0
21400,Vidigueira,5388,2088,84,32,0,264,586,75,728,200,18,58,5,14,9,6,8,1,0,0,0,0,0,0,0,0,0
90300,Celorico da Beira,9335,3215,71,75,0,1354,849,289,111,343,25,29,15,24,10,9,6,5,0,0,0,0,0,0,0,0,0
101600,Porto de Mós,21745,8709,628,298,0,3447,1702,927,373,828,134,87,41,74,52,34,68,16,0,0,0,0,0,0,0,0,0
10400,Arouca,21816,8025,313,123,0,3705,1549,1046,261,464,59,60,27,40,329,10,29,10,0,0,0,0,0,0,0,0,0
182000,Tarouca,8347,2564,49,58,0,1105,638,331,142,150,18,17,9,15,17,6,6,3,0,0,0,0,0,0,0,0,0
170900,Ribeira de Pena,9162,2691,50,35,0,1397,758,227,67,79,15,15,9,11,7,4,10,7,0,0,0,0,0,0,0,0,0
171100,Santa Marta de Penaguião,9188,2810,89,52,0,1052,1028,168,129,206,25,24,12,5,10,4,6,0,0,0,0,0,0,0,0,0,0
141800,Tomar,39424,15429,970,508,0,4916,3654,1221,1181,2055,222,210,91,135,89,45,92,40,0,0,0,0,0,0,0,0,0
91300,Trancoso,11495,4025,140,72,0,2073,868,349,128,230,42,30,10,26,14,12,22,9,0,0,0,0,0,0,0,0,0
10000,Aveiro,653456,239152,13201,4736,0,89044,56791,25478,13572,23241,3202,2777,884,1148,3160,522,1046,350,0,0,0,0,0,0,0,0,0
80900,Monchique,5764,2611,176,84,0,793,676,151,252,279,33,71,13,33,14,8,20,8,0,0,0,0,0,0,0,0,0
51000,Vila de Rei,3206,1809,96,110,0,1045,170,170,56,82,12,20,10,9,10,6,10,3,0,0,0,0,0,0,0,0,0
70000,Évora,148715,58092,2159,1009,0,10571,15320,2963,17077,6086,562,1225,162,266,236,170,221,65,0,0,0,0,0,0,0,0,0
41200,Vinhais,12723,3405,76,67,0,1327,1207,295,120,172,38,24,15,29,9,2,9,15,0,0,0,0,0,0,0,0,0
181800,Sernancelhe,7016,2441,56,53,0,1355,494,279,49,89,15,12,5,10,5,4,9,6,0,0,0,0,0,0,0,0,0
140400,Alpiarça,6649,2807,131,53,0,280,609,123,1256,235,27,42,9,12,7,8,12,3,0,0,0,0,0,0,0,0,0
71000,Redondo,6349,2095,79,37,0,360,549,137,561,263,19,52,6,5,11,5,10,1,0,0,0,0,0,0,0,0,0
160000,Viana do Castelo,262210,85398,3822,1387,0,32750,21875,9038,5293,7908,840,830,321,420,252,212,317,133,0,0,0,0,0,0,0,0,0
150500,Grândola,12754,5175,185,82,0,805,1327,195,1761,551,41,134,16,21,14,18,18,7,0,0,0,0,0,0,0,0,0
90500,Fornos de Algodres,5641,2156,70,39,0,973,495,282,82,117,13,31,5,13,8,6,11,11,0,0,0,0,0,0,0,0,0
61300,Penacova,15467,5077,283,92,0,1975,1563,306,374,321,50,33,16,21,14,6,15,8,0,0,0,0,0,0,0,0,0
171300,Vila Pouca de Aguiar,19095,5768,183,70,0,2852,1483,471,270,244,49,64,16,22,9,9,16,10,0,0,0,0,0,0,0,0,0
131500,Valongo,76630,31169,1602,713,0,8587,10002,2136,2967,3620,384,445,93,180,154,65,176,45,0,0,0,0,0,0,0,0,0
141200,Golegã,5374,1972,62,46,0,397,536,192,384,223,25,47,9,13,12,9,12,5,0,0,0,0,0,0,0,0,0
142000,Vila Nova da Barquinha,6735,2843,151,55,0,578,872,209,428,380,24,49,22,17,21,11,18,8,0,0,0,0,0,0,0,0,0
50200,Castelo Branco,51517,20053,947,484,0,5930,6157,1517,1254,2488,202,257,126,148,343,90,83,27,0,0,0,0,0,0,0,0,0
101500,Pombal,55768,15582,1132,358,0,7473,2920,1223,503,1301,198,96,48,107,74,49,77,23,0,0,0,0,0,0,0,0,0
80700,Lagos,22482,7893,535,165,0,1695,2220,499,867,1292,133,186,49,87,56,35,56,18,0,0,0,0,0,0,0,0,0
310900,Santana,9634,3865,72,145,0,2436,534,238,97,131,20,37,17,69,10,5,43,11,0,0,0,0,0,0,0,0,0
50900,Sertã,15772,6278,296,246,0,3067,1353,508,154,399,48,47,14,45,54,12,25,10,0,0,0,0,0,0,0,0,0
61200,Pampilhosa da Serra,4824,1819,34,41,0,922,534,89,52,93,8,12,10,9,2,1,7,5,0,0,0,0,0,0,0,0,0
490100,Corvo,351,200,8,3,0,37,75,13,1,4,0,1,56,1,0,0,0,1,0,0,0,0,0,0,0,0,0
140800,Constância,3506,1521,89,37,0,241,515,107,266,184,20,19,7,7,11,4,11,3,0,0,0,0,0,0,0,0,0
20900,Mértola,7561,2968,92,71,0,220,907,83,1259,193,16,77,12,10,7,3,8,10,0,0,0,0,0,0,0,0,0
420200,Nordeste,5072,1702,69,35,0,780,571,94,28,70,4,14,4,15,5,2,8,3,0,0,0,0,0,0,0,0,0
181900,Tabuaço,6603,2166,35,47,0,949,479,377,67,125,10,22,17,18,3,4,10,3,0,0,0,0,0,0,0,0,0
100500,Bombarral,12583,4328,300,112,0,1330,969,510,457,408,74,50,23,36,17,15,22,5,0,0,0,0,0,0,0,0,0
71100,Reguengos de Monsaraz,9328,2970,120,54,0,559,1191,131,490,286,25,70,11,13,9,1,6,4,0,0,0,0,0,0,0,0,0
81500,Vila do Bispo,4205,1480,77,33,0,355,494,57,137,209,28,31,3,21,14,6,12,3,0,0,0,0,0,0,0,0,0
80400,Castro Marim,6021,1904,87,37,0,635,625,97,122,208,17,24,3,23,9,6,8,3,0,0,0,0,0,0,0,0,0
61600,Tábua,10947,4222,194,127,0,1703,1402,223,204,222,28,41,9,23,12,8,15,11,0,0,0,0,0,0,0,0,0
140100,Abrantes,37466,15211,942,354,0,3556,4658,1030,1628,2117,253,262,72,101,64,67,71,36,0,0,0,0,0,0,0,0,0
50600,Oleiros,6648,2732,162,88,0,1650,438,167,55,74,25,13,18,9,18,5,10,0,0,0,0,0,0,0,0,0,0
420500,Ribeira Grande,26780,4301,188,73,0,1578,1524,220,166,403,17,37,19,37,9,7,20,3,0,0,0,0,0,0,0,0,0
21000,Moura,14422,3625,114,39,0,495,1164,183,1181,282,23,90,10,11,9,11,8,5,0,0,0,0,0,0,0,0,0
30300,Braga,150394,64719,2867,956,0,20394,17627,5554,6028,8036,1192,695,235,285,345,147,284,74,0,0,0,0,0,0,0,0,0
101000,Marinha Grande,32667,11774,769,299,0,2089,3002,562,2528,1900,144,175,35,73,56,27,61,54,0,0,0,0,0,0,0,0,0
420300,Ponta Delgada,62963,11983,584,144,0,4880,3457,887,456,1034,86,89,69,185,34,20,43,15,0,0,0,0,0,0,0,0,0
30900,Póvoa de Lanhoso,24055,8625,255,109,0,3916,2772,603,284,435,66,66,25,29,15,18,18,14,0,0,0,0,0,0,0,0,0
120700,Elvas,20471,5635,255,89,0,1306,1942,560,498,632,82,105,34,51,31,25,22,3,0,0,0,0,0,0,0,0,0
100400,Batalha,13859,6007,399,259,0,2731,864,733,144,537,89,56,21,52,36,24,45,17,0,0,0,0,0,0,0,0,0
171400,Vila Real,50333,19136,680,296,0,8357,4484,1733,976,1937,170,172,64,87,59,32,68,21,0,0,0,0,0,0,0,0,0
140000,Santarém,408247,155867,8706,3957,0,44673,39410,12510,18559,18973,2415,2273,699,1060,902,623,825,282,0,0,0,0,0,0,0,0,0
80800,Loulé,54037,16147,855,391,0,5574,3702,1502,1069,2065,171,225,97,155,96,93,127,25,0,0,0,0,0,0,0,0,0
100800,Figueiró dos Vinhos,6674,2820,131,68,0,1467,679,172,83,134,20,17,12,9,13,6,7,2,0,0,0,0,0,0,0,0,0
40400,Freixo de Espada à Cinta,4032,1493,31,22,0,689,512,88,47,69,6,10,5,4,2,2,4,2,0,0,0,0,0,0,0,0,0
111200,Sobral de Monte Agraço,7708,2797,142,69,0,565,721,185,640,300,44,51,11,22,11,10,20,6,0,0,0,0,0,0,0,0,0
20700,Cuba,4178,1979,37,26,0,190,644,64,866,97,12,17,6,5,8,3,3,1,0,0,0,0,0,0,0,0,0
21200,Ourique,5214,1979,53,38,0,648,640,66,370,99,10,17,5,10,8,3,9,3,0,0,0,0,0,0,0,0,0
90700,Guarda,40521,14979,705,460,0,5003,4256,1303,771,1697,187,182,71,127,90,40,63,24,0,0,0,0,0,0,0,0,0
51100,Vila Velha de Ródão,3674,1646,59,24,0,492,723,54,116,112,5,15,7,7,21,6,4,1,0,0,0,0,0,0,0,0,0
180800,Mortágua,10827,3069,262,52,0,1095,964,233,108,254,17,21,9,11,8,7,25,3,0,0,0,0,0,0,0,0,0
120600,Crato,3646,1551,61,27,0,326,541,81,319,111,9,44,3,3,11,5,6,4,0,0,0,0,0,0,0,0,0
61500,Soure,19272,6541,468,155,0,1615,2453,346,527,664,79,65,23,44,26,17,41,18,0,0,0,0,0,0,0,0,0
80200,Alcoutim,3215,1095,30,21,0,435,353,62,100,46,8,21,1,4,1,10,1,2,0,0,0,0,0,0,0,0,0
91400,Vila Nova de Foz Côa,9154,3242,75,58,0,1458,975,221,140,179,30,26,13,27,11,6,17,6,0,0,0,0,0,0,0,0,0
90800,Manteigas,4030,1281,73,20,0,373,409,67,146,129,16,12,3,8,11,8,5,1,0,0,0,0,0,0,0,0,0
31300,Vila Verde,47462,18974,602,308,0,11531,2757,1602,603,985,142,140,56,84,54,27,59,24,0,0,0,0,0,0,0,0,0
11800,Vagos,21785,6808,310,155,0,3895,596,1046,144,365,96,47,25,21,72,13,20,3,0,0,0,0,0,0,0,0,0
91000,Pinhel,11821,3750,137,84,0,1790,756,363,228,246,27,35,20,23,14,14,10,3,0,0,0,0,0,0,0,0,0
100200,Alvaiázere,7632,2817,129,57,0,1829,352,208,61,90,31,14,6,9,9,13,5,4,0,0,0,0,0,0,0,0,0
130500,Lousada,37729,13208,387,215,0,4697,4715,921,847,910,97,172,56,53,37,33,51,17,0,0,0,0,0,0,0,0,0
40300,Carrazeda de Ansiães,8058,2909,79,70,0,1433,638,286,95,165,49,29,12,21,4,10,14,4,0,0,0,0,0,0,0,0,0
171000,Sabrosa,7540,2353,60,48,0,1023,743,167,117,103,15,27,6,12,11,6,14,1,0,0,0,0,0,0,0,0,0
160300,Melgaço,12382,2862,124,37,0,1113,1064,199,70,161,14,18,9,19,5,11,11,7,0,0,0,0,0,0,0,0,0
90200,Almeida,8949,3025,107,68,0,1342,718,259,134,222,67,30,17,26,13,8,10,4,0,0,0,0,0,0,0,0,0
70800,Mourão,2596,917,21,16,0,217,368,47,140,65,5,22,1,3,2,1,7,2,0,0,0,0,0,0,0,0,0
310100,Calheta (R.A.M.),13166,5495,104,136,0,3755,335,659,153,133,29,31,17,79,15,14,27,8,0,0,0,0,0,0,0,0,0
40700,Mirandela,26232,8808,198,189,0,4258,1552,1213,489,611,68,78,34,39,28,19,28,4,0,0,0,0,0,0,0,0,0
150800,Palmela,46697,16778,920,356,0,2737,3690,1204,4235,2492,256,346,66,135,110,107,97,27,0,0,0,0,0,0,0,0,0
110200,Arruda dos Vinhos,9400,3658,196,80,0,1017,1103,258,440,354,59,46,17,24,13,22,24,5,0,0,0,0,0,0,0,0,0
131000,Paredes,71092,28370,1168,721,0,11643,7341,2727,1681,1899,275,328,95,157,82,57,151,45,0,0,0,0,0,0,0,0,0
121100,Monforte,2994,1142,33,19,0,214,368,81,262,104,7,35,4,4,3,4,4,0,0,0,0,0,0,0,0,0,0
310300,Funchal,108669,44537,1162,1217,0,20659,7061,3914,4233,3055,356,673,250,1122,148,173,420,94,0,0,0,0,0,0,0,0,0
50000,Castelo Branco,197304,74285,3440,1982,0,24381,22570,5252,5437,7321,736,960,348,446,733,245,305,129,0,0,0,0,0,0,0,0,0
450200,Velas,5198,1276,44,15,0,476,414,210,35,55,6,6,5,3,2,0,4,1,0,0,0,0,0,0,0,0,0
60700,Lousã,14707,5686,440,177,0,1597,1841,304,341,715,57,64,25,32,38,18,29,8,0,0,0,0,0,0,0,0,0
180300,Castro Daire,17088,4120,125,54,0,2019,1101,434,75,147,61,20,19,17,17,4,19,8,0,0,0,0,0,0,0,0,0
110500,Cascais,160848,60625,2923,928,0,18817,14176,6880,5369,7355,1625,521,263,503,580,356,270,59,0,0,0,0,0,0,0,0,0
430100,Angra do Heroísmo,32882,8610,489,77,0,3196,2837,959,221,602,60,30,47,30,22,11,24,5,0,0,0,0,0,0,0,0,0
111600,Odivelas,117635,47481,2211,1208,0,11296,13634,3399,6531,6158,685,613,216,358,375,416,312,69,0,0,0,0,0,0,0,0,0
151100,Sesimbra,37379,13614,702,370,0,2450,3285,976,2901,2060,225,218,46,102,89,70,100,20,0,0,0,0,0,0,0,0,0
181100,Penalva do Castelo,9288,2945,105,55,0,1348,759,267,135,163,24,33,20,8,8,5,8,7,0,0,0,0,0,0,0,0,0
120800,Fronteira,3278,1350,44,20,0,345,414,100,222,113,20,27,10,8,4,9,11,3,0,0,0,0,0,0,0,0,0
180600,Mangualde,21146,6755,265,131,0,2609,2221,583,298,436,53,48,24,27,19,15,19,7,0,0,0,0,0,0,0,0,0
11100,Mealhada,18883,5995,411,111,0,1703,2005,355,463,725,48,55,13,26,39,16,18,7,0,0,0,0,0,0,0,0,0
30200,Barcelos,107519,45223,2049,773,0,20314,10383,4346,2030,3486,529,388,168,210,204,96,202,45,0,0,0,0,0,0,0,0,0
90400,Figueira de Castelo Rodrigo,6705,2409,77,49,0,1207,680,126,72,116,16,16,6,18,10,4,8,4,0,0,0,0,0,0,0,0,0
121200,Nisa,7458,2952,123,55,0,811,953,148,482,237,19,57,15,9,19,8,12,4,0,0,0,0,0,0,0,0,0
141300,Mação,7610,4091,180,129,0,1719,1121,258,190,294,54,47,15,20,22,13,23,6,0,0,0,0,0,0,0,0,0
60800,Mira,13388,4210,239,108,0,1723,1167,293,136,372,51,30,10,21,22,9,23,6,0,0,0,0,0,0,0,0,0
170100,Alijó,14451,4814,143,95,0,1979,1577,354,205,280,41,43,23,28,18,8,13,7,0,0,0,0,0,0,0,0,0
11600,São João da Madeira,20368,8268,497,118,0,2451,2367,813,543,972,130,81,31,42,132,20,55,16,0,0,0,0,0,0,0,0,0
140600,Cartaxo,20737,7857,439,189,0,1694,2337,572,1031,1096,110,122,41,69,39,46,56,16,0,0,0,0,0,0,0,0,0
160800,Valença,14153,4231,189,64,0,1788,1093,374,241,323,28,45,13,28,15,9,16,5,0,0,0,0,0,0,0,0,0
20200,Almodôvar,7602,2282,58,64,0,594,729,96,387,243,15,47,9,9,7,4,14,6,0,0,0,0,0,0,0,0,0
101400,Peniche,25532,7490,509,136,0,2216,1801,535,1076,772,138,119,25,43,30,44,36,10,0,0,0,0,0,0,0,0,0
31000,Terras de Bouro,8626,3172,94,35,0,1654,740,239,164,136,30,20,11,14,11,13,10,1,0,0,0,0,0,0,0,0,0
70100,Alandroal,5551,2348,30,24,0,259,864,60,865,158,20,44,2,3,3,7,6,3,0,0,0,0,0,0,0,0,0
160400,Monção,22891,5692,228,65,0,2256,1647,610,179,503,51,44,26,30,19,13,14,7,0,0,0,0,0,0,0,0,0
170700,Murça,7899,2486,83,55,0,1171,636,255,73,134,22,20,11,4,7,1,11,3,0,0,0,0,0,0,0,0,0
130700,Marco de Canaveses,46040,14736,438,243,0,5820,4308,1565,814,976,157,170,38,69,47,26,47,18,0,0,0,0,0,0,0,0,0
41000,Vila Flor,8425,2869,78,52,0,1190,755,316,172,199,17,37,15,11,5,5,11,6,0,0,0,0,0,0,0,0,0
131200,Porto,235298,102460,3650,1427,0,33114,27366,9491,9979,12213,2556,838,333,411,457,200,338,87,0,0,0,0,0,0,0,0,0
50800,Proença-a-Nova,8866,3935,196,121,0,1876,969,305,77,214,46,30,5,22,33,19,17,5,0,0,0,0,0,0,0,0,0
10800,Estarreja,25527,8304,445,148,0,3348,1712,878,558,764,138,94,25,50,81,26,26,11,0,0,0,0,0,0,0,0,0
111100,Sintra,286571,105325,5623,2363,0,23792,28323,9049,13093,15495,2116,1307,437,963,1036,905,670,153,0,0,0,0,0,0,0,0,0
71300,Viana do Alentejo,4985,1816,71,24,0,260,426,51,706,181,12,58,2,11,4,3,4,3,0,0,0,0,0,0,0,0,0
141500,Salvaterra de Magos,18493,5313,266,100,0,983,1559,326,806,949,84,78,21,34,35,35,29,8,0,0,0,0,0,0,0,0,0
120400,Campo Maior,7658,2509,68,36,0,358,1004,103,611,249,8,49,2,2,6,6,5,2,0,0,0,0,0,0,0,0,0
120500,Castelo de Vide,3169,1364,71,24,0,411,446,64,143,127,15,27,6,10,4,3,12,1,0,0,0,0,0,0,0,0,0
80500,Faro,54142,18891,1114,330,0,5016,4570,1568,1982,3133,306,285,69,168,106,112,102,30,0,0,0,0,0,0,0,0,0
131300,Póvoa de Varzim,58717,19570,908,231,0,7898,4270,2552,1031,1909,260,154,48,75,101,39,79,15,0,0,0,0,0,0,0,0,0
310400,Machico,21711,7359,149,177,0,3671,1917,391,300,366,31,64,28,162,12,23,53,15,0,0,0,0,0,0,0,0,0
151000,Seixal,126037,47558,2325,1187,0,7877,11690,3013,11724,6943,659,733,167,297,298,336,249,60,0,0,0,0,0,0,0,0,0
170800,Peso da Régua,18176,5228,131,72,0,1961,1562,527,389,404,40,66,17,19,18,6,13,3,0,0,0,0,0,0,0,0,0
81300,Silves,29676,9711,554,239,0,2388,2286,606,1543,1389,125,210,58,82,53,87,72,19,0,0,0,0,0,0,0,0,0
81200,São Brás de Alportel,8724,2963,214,70,0,816,848,221,258,378,31,42,16,15,17,18,15,4,0,0,0,0,0,0,0,0,0
80600,Lagoa,17347,6024,294,113,0,1607,1427,542,606,961,84,130,33,59,30,57,53,28,0,0,0,0,0,0,0,0,0
181700,Sátão,14336,4115,161,118,0,1953,792,542,102,295,41,21,13,43,14,7,12,1,0,0,0,0,0,0,0,0,0
420400,Povoação,6500,1586,78,21,0,642,643,61,36,47,8,9,8,18,4,1,8,2,0,0,0,0,0,0,0,0,0
160900,Viana do Castelo,87816,31224,1637,522,0,9758,7880,3026,3025,4015,385,346,120,161,91,90,122,46,0,0,0,0,0,0,0,0,0
180100,Armamar,7199,2440,62,43,0,1189,449,295,175,111,23,33,11,15,9,8,12,5,0,0,0,0,0,0,0,0,0
150100,Alcácer do Sal,12155,4789,150,81,0,494,1347,149,1812,464,48,133,24,24,20,18,17,8,0,0,0,0,0,0,0,0,0
160100,Arcos de Valdevez,30558,7609,278,121,0,3787,1919,609,206,459,53,49,25,26,21,18,20,18,0,0,0,0,0,0,0,0,0
130200,Baião,19691,6136,142,110,0,2244,2586,314,260,310,33,50,24,21,18,10,11,3,0,0,0,0,0,0,0,0,0
81400,Tavira,22763,6880,391,157,0,2126,1869,498,521,896,99,128,31,46,34,27,42,15,0,0,0,0,0,0,0,0,0
